10001010 00000000 00100000 00111000
11100000 01001001 01000000 00000000
11100010 00001001 01100000 00000001
11100100 00001001 01100000 00000010
10001100 10000000 00000000 00010000
00011100 10000000 00000000 00000101
00000000 00000000 00000000 00000000
10001100 00100100 10000000 00010001
00010000 10000000 00000000 00000011
00000000 00000000 00000000 00000000
10001100 00000100 10000000 00010001
11001100 00101001 01100000 00000011
00010000 10000000 00000000 00000000
00000000 00000000 00000000 00000000
11111100 00010011 00100000 00000000